1428655547205570560
1429075366992302080
1429030266597781504
1428800175359856640
1428636939687706624
1429117383214567424
1428620721970888704
1429047004215357440
1429052340565385216
1428725432640282624
1428734309230432256
1428752900071776256
1429077198594584576
1429068209370632192
1429143852057866240
1428647158010499072
1428659051236319232
1428689943799472128
1428931383347478528
1428821645892988928
1429017279883251712
1428670028195434496
1429080469484838912
1429095778753159168
1428686524791640064
1428647051122909184
1428807759605153792
1428685251707031552
1429082271768776704
1428678052125495296
1428684957430468608
1428654736274862080
1428647565055205376
1429068902294818816
1429061232770887680
1428656050929012736
1429018287438974976
1428997844455809024
1428625411181793280
1428771362626211840
1428822410913013760
1428619640796848128
1429045988786950144
1429050249608376320
1428800761635516416
1428921043486494720
1428672422727802880
1428968246015823872
1429003411668848640
1428746422137020416
1428632317837430784
1429085331232641024
1429104155659018240
1429041699226099712
1429145919430221824
1428659333903028224
1429100241488318464
1428727854309728256
1429051577629880320
1429090161707687936
1428802150327635968
1428719063681880064
1429082373065478144
1428765457268547584
1428827676614307840
1428746581659070464
1429104678969778176
1428945303558922240
1429109196730011648
1428762557347676160
1428752687017992192
1429100065323421696
1428662185459425280
1429032715366674432
1428725514001428480
1428956397459415040
1428655408500051968
1428690562740367360
1428673970509914112
1428979792523796480
1429132484986368000
1428666217309556736
1429123460886900736
1428651291467726848
1428677586243276800
1428999385975754752
1429103251669098496
1429024124219928576
1428733167939334144
1429144495321460736
1428975166990786560
1428956598576324608
1429074950049128448
1428931380335898624
1428742121561993216
1429054559624876032
1429078949540290560
1429025306514497536
1429002028676788224
1428990487340453888
1428638553945300992
1428642823964921856
1428780268404490240
1429095959024263168
1429128971858464768
1428752067934441472
1429040772955873280
1428636263343591424
1429048299424784384
1429007063510814720
1428686250484056064
1429143476470521856
1429087416061775872
1429112756431728640
1428785896074194944
1429097017389854720
1428635949727158272
1429103301581225984
1428621521405218816
1428663659111276544
1428653609059766272
1429101716293787648
1428707782551908352
1429076933636145152
1429027486680158208
1429058088028487680
1429020003102302208
1428999411749769216
1429100757035462656
1428798400770809856
1428976035673088000
1428993959829938176
1428690393885982720
1428950509226954752
1428647107775315968
1428632589569609728
1429019125800701952
1428792424646815744
1428963989527138304
1428653070746103808
1428725288423337984
1428633296213315584
1428640159650754560
1428647838301396992
1428658315899269120
1428805033097846784
1428629209895874560
1428942132652527616
1428698188018552832
1429142768803270656
1428653251486945280
1428682960249688064
1428737344606195712
1428700888785358848
1428635378278354944
1429035462690279424
1428656167455182848
1428769496957870080
1428621364202704896
1428825535329755136
1428793387541581824
1428946722965889024
1428619065199841280
1429094249279131648
1429001784828309504
1428763267141361664
1428654947097264128
1428788929365430272
1428993490239827968
1429082109076025344
1428795396743213056
1429000925054636032
1429066724788391936
1429129896962428928
1429138790359044096
1428668910329602048
1428678753568399360
1429140100659785728
1429115712543633408
1428726189514964992
1428723592859095040
1428770334325493760
1428733741489344512
1428647125005516800
1428682832759738368
1428990167864520704
1429084473367400448
1428791981577314304
1428965045740916736
1428690705631875072
1428724388736688128
1428672079537352704
1429065643131904000
1428679557184462848
1428908773138182144
1428972754066460672
1429065296036384768
1429083881790218240
1428957149149999104
1428752665434071040
1429066700574580736
1428787831103705088
1428637485987471360
1429102914765795328
1428721445224521728
1429003489447923712
1429006492879966208
1429011788503322624
1429011165993132032
1429096952474607616
1428664192526176256
1429131179664478208
1429046834132144128
1429027565650382848
1428746987344650240
1428775137659297792
1428627700734910464
1428748215319465984
1428648975524052992
1429123584107204608
1428989881368387584
1428748749648666624
1428925331461885952
1428753503497895936
1429008355121639424
1428659897856634880
1429035304426541056
1429111441353842688
1429015877731733504
1428625439560507392
1428716652485545984
1428767819437645824
1429091927790661632
1428806643484069888
1428719602419347456
1428988207174127616
1428991235675639808
1428993158264803328
1429110445097590784
1428975209953079296
1428728370808901632
1428742789098090496
1428673520704364544
1428983141117702144
1429033928401297408
1428794333931745280
1429082494729654272
1428699155334148096
1428998878309883904
1429109854958931968
1429054964878430208
1428819967559053312
1428960246593097728
1429024741394898944
1428687695837073408
1428651299751481344
1428620608699617280
1428977164796502016
1428689205924925440
1428791396639678464
1428986572326809600
1428953672000606208
1428625335101313024
1428991425182674944
1429062137402511360
1428685142667763712
1428966002784669696
1429078989054914560
1428969460082302976
1428724962228113408
1429084759406284800
1429081966066995200
1428761406879506432
1429065559874887680
1428733983227973632
1428720386158600192
1429005732385599488
1428945662511566848
1428696330734641152
1428641197757698048
1428736033034838016
1428641562720940032
1428780718310805504
1429047854715351040
1428642260862869504
1428969501337473024
1428805226761424896
1429052512301207552
1428676223773855744
1428619320825839616
1428720172148436992
1429069027570241536
1428971483209084928
1429123094602465280
1429091996241702912
1429080076797292544
1428669929654562816
1428658981547954176
1429033681956581376
1428823674472345600
1429121993614503936
1428699882202742784
1428637169711714304
1428991878830112768
1429014171744620544
1429044081523666944
1429076735585357824
1429089577692803072
1428656339987873792
1428934282492456960
1429105550353125376
1428708187679690752
1429140332671864832
1428657275233832960
1428623867979894784
1428623408493993984
1428755816656605184
1428977619412963328
1428690452857999360
1428653136391061504
1428919280653983744
1429128200404324352
1428993230553632768
1428720707756773376
1429138401018748928
1429139346695786496
1428936428566851584
1428865330923937792
1428731637030862848
1429105163588018176
1428766347442458624
1428673982061064192
1428971614708932608
1428851089244368896
1429013996024340480
1428722273171636224
1428736012646293504
1428619568919060480
1429066453983105024
1428710896302440448
1428706031962574848
1429119191383150592
1429084794126798848
1428983170196779008
1428695496894423040
1429073597801316352
1428712430616682496
1429130736204931072
1429134087336382464
1428677900228861952
1428854136523694080
1428714686661414912
1428993892859400192
1428621573339090944
1428628246514569216
1428704129883394048
1428947785500528640
1429011506465808384
1428842831939051520
1428748068019638272
1428803602978639872
1429093049964146688
1428699814695407616
1429012167240597504
1428664879104282624
1428637238703894528
1428657578859507712
1429027509627203584
1428736038462271488
1428784685753290752
1428770752887726080
1429128642706251776
1428929799901298688
1429136692938788864
1429003417402359808
1429099694756700160
1428674472077365248
1429129949533949952
1429073266317086720
1429076719307304960
1428946986825396224
1428888033680633856
1428930807482261504
1429086204708982784
1428781542512418816
1429128412883390464
1428724690521034752
1428726052910665728
1429075623146831872
1428967960534728704
1428860789272809472
1429083293794844672
1428747304031375360
1428721964819132416
1429112199088418816
1428810201117962240
1428775605823102976
1428795481333841920
1429015561586061312
1428716498667900928
1429139711248027648
1428712439718334464
1429124918550085632
1428724342267990016
1428943036390809600
1428637373898887168
1429126032741830656
1428983229546123264
1429066423444414464
1429022536575168512
1429102213109006336
1428759461003464704
1429124957930459136
1428757168908611584
1429109698985402368
1428626458226962432
1428704775848202240
1429104660909023232
1428732943401308160
1429058019887919104
1428620435197997056
1428675964255490048
1428701182097231872
1428791423160233984
1428986370958237696
1428659399518740480
1428630437392420864
1428623901970534400
1429014173959155712
1428987625839501312
1428774946512285696
1428681598963175424
1429061603970924544
1428659007040983040
1428955065696522240
1429111057977536512
1428864480381919232
1428649312230182912
1429027457944928256
1428792840797278208
1428652766822547456
1428639216477614080
1429017069249499136
1428626957646893056
1428619262529359872
1429070258799792128
1428726406645702656
1428962070624677888
1429129783527583744
1429072302768017408
1428658271406235648
1428671973786329088
1429143401216323584
1428987514451341312
1428728508457566208
1429139271357800448
1429098993989177344
1428618879174066176
1429065803601752064
1429109927201710080
1429130602113028096
1428620779659354112
1429022686148284416
1428744943846236160
1428675546444091392
1428757681335046144
1428717461982044160
1428832740284186624
1428691021857267712
1428695378703134720
1428707643649150976
1428658450947616768
1429036228851257344
1428780225127755776
1428827611153715200
1428681697311211520
1429062594283905024
1429117942923464704
1428777748483411968
1428755357980139520
1429048146726899712
1429133583076233216
1428693799098802176
1428694740648738816
1428765275034431488
1429008697154486272
1429011680206467072
1428962834885529600
1428743456529190912
1428673947160268800
1428940425725976576
1428998992805994496
1428930019024310272
1428619628952137728
1428635436793147392
1428682487719362560
1429060056725794816
1428656017429221376
1428726053158244352
1429115887567753216
1428803017797689344
1428673997206589440
1429023920146067456
1428985864730914816
1428994279104344064
1428717434836590592
1428770788870602752
1428779253781471232
1429049594168680448
1428787814142029824
1428669267025833984
1428679957438472192
1428705829046390784
1428794129526427648
1428737507173310464
1428627369804410880
1428811147550015488
1428654925282693120
1428679755168165888
1428702398260957184
1429133469771313152
1428761476567814144
1428673416924647424
1428720170806169600
1428950195476250624
1428685748908216320
1429003381318823936
1428639138627178496
1428964233107148800
1428971178564235264
1429027283092787200
1428969338384551936
1429016513055531008
1429082401511284736
1428994587171950592
1429064940875395072
1428747364303519744
1428777452281778176
1428641379782176768
1428963086283776000
1428645121864704000
1429110112732450816
1428704581110931456
1428620265626476544
1428923826319020032
1428770554996092928
1428672051519315968
1428772909338796032
1429089753383702528
1428624351570575360
1429039291716542464
1428762008581718016
1428741863851368448
1428780872203911168
1428636537911136256
1428681707776008192
1428665624457269248
1429115439574142976
1428993706007351296
1428704106282160128
1428993133723926528
1429146060090486784
1428969194234814464
1428693554298294272
1428676938088996864
1429044347757113344
1428700035768795136
1429130504515854336
1428663974111989760
1428730444690898944
1429048135469477888
1428632141148131328
1428776548824453120
1428707039837106176
1429136180973641728
1428937404988207104
1429128034582417408
1428735973031038976
1428652523464843264
1428666806668042240
1429018046841110528
1428714130144378880
1428653839461269504
1428908975039287296
1428787929338482688
1428674525751914496
1428744244353773568
1428728856635138048
1429056049827418112
1429144670328741888
1428766193872211968
1429063828126502912
1429071294595751936
1428714148217622528
1428696175549599744
1428757277813714944
1428659960360050688
1428649930239905792
1428799938314620928
1428635591621677056
1429113738368585728
1429123025732083712
1428945293857464320
1428708689825968128
1428672870578786304
1428767972412346368
1428742294551793664
1428683336604688384
1429144387133616128
1428668147230380032
1428655682035666944
1428649922287525888
1428621468653469696
1428960588336668672
1428964891122192384
1428803834571333632
1428988804082380800
1428622672519442432
1428754608315240448
1428684930444369920
1429055185872162816
1428627737229541376
1428788543233605632
1428626360801636352
1428823725965729792
1429094502548049920
1428643216308330496
1428776264647778304
1428660534656778240
1429143832206184448
1428759338248724480
1428800919664304128
1428699689789108224
1428803344663994368
1428691783916167168
1428679982193254400
1428679481082908672
1429105789902458880
1428796308316377088
1428924250136719360
1428718501045456896
1428649596352335872
1428629447129849856
1428782983213895680
1428949551529041920
1429103851899002880
1429006238696804352
1428875824405565440
1428731203432198144
1429059434903388160
1428731619142164480
1428994450731282432
1428699167787003904
1428631098221858816
1428682194390863872
1429145308395618304
1428994116428390400
1428973162767781888
1428976156129341440
1428832175735070720
1428636924152098816
1428709665517547520
1428882081514459136
1429038973125545984
1428916277687373824
1429145047178612736
1429135216002707456
1429139512219869184
1428691125804539904
1428768288646041600
1429111162302615552
1429072298309468160
1428825703471067136
1428624543590014976
1429051400265375744
1428719290430148608
1428708596326584320
1429070021884530688
1428806123642138624
1428659416426074112
1428790103443378176
1428749635875651584
1428651049989165056
1428956407630598144
1429030401977245696
1428674773853278208
1428740468498706432
1429039245159718912
1429020990638600192
1428783026989903872
1429019187943464960
1428705605720711168
1428747553986723840
1428626464463785984
1428629374740451328
1428995539950088192
1428628369273495552
1428636864647503872
1428731960546021376
1428619765732478976
1428822051901612032
1428741764974850048
1428744794092838912
1428976660955734016
1428701665419571200
1429044667723694080
1429098312494460928
1428740705699172352
1428665707865255936
1428947270159028224
1428678101194657792
1428674657046220800
1429128000080068608
1428651192809365504
1429117448133959680
1428621803119861760
1428960524679720960
1428847878215282688
1429111274475036672
1428674677895991296
1429002643918184448
1428993789599916032
1428784172911452160
1428662600645189632
1429016756937531392
1429044866521128960
1428949951103619072
1428696167664295936
1428721432616448000
1428759140059566080
1428624890467344384
1428929694620127232
1428764702230945792
1428665691947814912
1428634944163753984
1429061454917996544
1428978905562636288
1429066059328495616
1429007127809601536
1429106443404419072
1428649394488946688
1428752204781993984
1429066756652474368
1428727855425462272
1428632655290044416
1429096282585538560
1428998178691485696
1428917020112965632
1428957867151958016
1429002477047791616
1428719238194270208
1429024439807709184
1429058859067486208
1428795770178875392
1429125092647264256
1428825315749552128
1428736810495221760
1428939956043624448
1428854040302084096
1428953633354403840
1428946425568694272
1428650352396718080
1429039286242979840
1428964510656782336
1429013674409267200
1428751875617198080
1429020186280140800
1428871144938119168
1429011310818308096
1429016134146211840
1428974098881916928
1429043545768448000
1428803423831576576
1429145427081842688
1429000138844946432
1428768515608268800
1428630637519556608
1428984803207090176
1428719948000632832
1429086327723671552
1429035970821754880
1429098084320038912
1429002494164848640
1428706676023209984
1428733347468128256
1428625348099457024
1429075854940942336
1428735243083714560
1429130583871995904
1428780431764332544
1429039963962740736
1428756478131834880
1429115930798346240
1429066721030250496
1428678713919614976
1428957156053819392
1428629385989525504
1429061047198027776
1428620221812707328
1428737299538452480
1428766989674233856
1428654758911483904
1428802501130739712
1429015321336193024
1428638567241293824
1429059706778263552
1428687273999192064
1428742858585018368
1428998451904368640
1428809900562526208
1429030118442348544
1428747672828186624
1428737475212623872
1428700575315677184
1428933915939688448
1428944759469617152
1429087835517227008
1428797903422824448
1428671230253715456
1428662237472989184
1428653261389799424
1429041569877872640
1428708445428097024
1428938302627848192
1428651723971780608
1428958142172389376
1429101889120002048
1428623391775395840
1428960086576308224
1428690813652021248
1428803659161391104
1429009722221514752
1428744992898658304
1429025116281782272
1428946441741930496
1428648142833164288
1428689650848251904
1429113223505121280
1428738937766436864
1428650428279967744
1428650578318708736
1428655081734524928
1428959022317817856
1429136726757416960
1428673617508937728
1429033991848480768
1428644573723697152
1428777765520674816
1429021194280386560
1429133906931032064
1428743399876677632
1429102517569327104
1429119095509819392
1429100149482082304
1428679817524916224
1429121273460924416
1428943310664740864
1429079590228664320
1429113061747593216
1428756590581125120
1428625034667495424
1428621171768152064
1428627862668644352
1428699308140994560
1428720391573364736
1428685886238113792
1429018853644935168
1428933835228651520
1428791447013167104
1428971185832873984
1428827507231535104
1429046120743833600
1428873277141831680
1428961299241779200
1428778381395611648
1428956275308646400
1428687170764673024
1428956130018009088
1428733497477373952
1429030550241697792
1429003950326484992
1429134543974502400
1428961283043438592
1428803880964526080
1429049072485289984
1428699877777813504
1428714343802314752
1429135252392456192
1428963828608290816
1428676464677896192
1428626978702245888
1428994365222002688
1428696886739980288
1428944755489128448
1428621083066912768
1428973025546981376
1428748364078845952
1429097490549256192
1429116705842860032
1428958799944208384
1428648390947184640
1428713397768556544
1428809855918350336
1428726029665783808
1429121208403038208
1428734860588429312
1429095372606087168
1428663348556615680
1428632261088399360
1428676628989808640
1428745003417882624
1428718485190946816
1429107626252570624
1429023378904584192
1429123910780469248
1428760171271045120
1429132368393166848
1428972706595213312
1428957041628881408
1428728874033205248
1429073508932407296
1428728856370892800
1428996996950540288
1428992023416217600
1429041585958891520
1428687759833718784
1428688983631044608
1428637028648951808
1428686249515229184
1428747659939045376
1429035423154774016
1428758397583777792
1428668872962543616
1429102952841633792
1429080817947615232
1428707400928960512
1428639672083886080
1429007861527584768
1428788931886211072
1429081569487114240
1428642728284508160
1428960093572374528
1429038687552159744
1428854707292934144
1429049704772472832
1429043101302198272
1429139358112788480
1428718114095702016
1428795062926954496
1428639342352904192
1428800912156418048
1428637616782594048
1429111158984876032
1429024713519534080
1428706438491295744
1428780383798190080
1428636679703777280
1428766694546329600
1429049717607047168
1428721001467052032
1429122228004823040
1428678211437797376
1429143565045805056
1429096747935096832
1429072209054687232
1428638642575118336
1428854707221680128
1428687585283555328
1428638529802878976
1428676720790540288
1428922832537358336
1428765419091996672
1428781901930811392
1429102286060625920
1429106997950025728
1429102372320591872
1429019780233768960
1429038861800378368
1428964018513981440
1428650161622949888